9
1 2 3 4 5 6 7 8 9
0.1 0.4 0.5 0.6 0.7 0.74 0.8 0.86 0.92

7
1 2 3 4 5 6 7
1 16 81 256 625 1296 2401


7
1 2 3 4 5 6 7
1 2 3 4 5 6 7

7
1 2 3 4 5 6 7
0.1 0.4 0.5 0.6 0.7 0.74 0.8


6
1 2 3 4 5 6
1 1.5 3 4.5 7 8.5



11
0 0.2 0.4 0.6 0.8 1 1.2 1.4 1.6 1.8 2
0 2.396 4.68 6.374 6.81 6 4.685 3.47 2.542 1.879 1.412



8
1.2 2.9 4.1 5.5 6.7 7.8 9.2 10.3
7.4 9.5 11.1 12.9 14.6 17.3 18.2 20.7




6
1 2 3 4 5 6
1 4 9 16 25 36




7
1 2 3 4 5 6 7
1 8 27 48 125 216 225



7
1 2 3 4 5 6 7
0.1 0.4 0.5 0.6 0.7 0.74 0.8